3.571000000000000000e+03
3.571000000000000000e+03
3.571000000000000000e+03
3.571000000000000000e+03
3.571000000000000000e+03
3.571000000000000000e+03
3.571000000000000000e+03
3.571000000000000000e+03
3.571000000000000000e+03
4.397000000000000000e+03
4.397000000000000000e+03
4.397000000000000000e+03
4.397000000000000000e+03
4.397000000000000000e+03
4.397000000000000000e+03
4.397000000000000000e+03
4.397000000000000000e+03
4.397000000000000000e+03
4.397000000000000000e+03
4.397000000000000000e+03
4.397000000000000000e+03
3.492000000000000000e+03
3.492000000000000000e+03
3.492000000000000000e+03
3.492000000000000000e+03
3.492000000000000000e+03
3.492000000000000000e+03
3.492000000000000000e+03
3.492000000000000000e+03
3.492000000000000000e+03
3.492000000000000000e+03
3.492000000000000000e+03
3.492000000000000000e+03
4.731000000000000000e+03
4.731000000000000000e+03
4.731000000000000000e+03
4.731000000000000000e+03
4.731000000000000000e+03
4.731000000000000000e+03
4.731000000000000000e+03
4.731000000000000000e+03
4.731000000000000000e+03
4.731000000000000000e+03
4.731000000000000000e+03
4.731000000000000000e+03
3.420000000000000000e+03
3.420000000000000000e+03
3.420000000000000000e+03
3.420000000000000000e+03
3.420000000000000000e+03
3.420000000000000000e+03
3.420000000000000000e+03
3.420000000000000000e+03
3.420000000000000000e+03
3.420000000000000000e+03
3.420000000000000000e+03
3.420000000000000000e+03
3.470000000000000000e+03
3.470000000000000000e+03
3.470000000000000000e+03
3.470000000000000000e+03
3.470000000000000000e+03
3.470000000000000000e+03
3.470000000000000000e+03
3.470000000000000000e+03
3.470000000000000000e+03
3.470000000000000000e+03
3.470000000000000000e+03
3.470000000000000000e+03
4.318000000000000000e+03
4.318000000000000000e+03
4.318000000000000000e+03
4.318000000000000000e+03
4.318000000000000000e+03
4.318000000000000000e+03
4.318000000000000000e+03
4.318000000000000000e+03
4.318000000000000000e+03
4.318000000000000000e+03
4.318000000000000000e+03
4.318000000000000000e+03
4.417000000000000000e+03
4.417000000000000000e+03
4.417000000000000000e+03
